100
1
-6.559643965462756
-41.07169103891961
82.42398427756484
89.48850432152774
90.0
94.56897604848842
83.8007678132121
90.0
-9200.366075224949
-6090.424442577565
2
-6.266813758369556
-50.87521107061974
82.48587661646074
89.52259717900502
90.0
92.73366550486067
85.72304172995543
90.0
-9190.26959112415
-6096.842542489735
3
-6.556318697950821
-38.57413646052024
81.79283373884391
89.46920937294907
90.0
93.47393092065887
83.76618262414476
90.0
-9214.386336979718
-6015.040814354136
4
-6.300125598741009
-47.2371946910729
82.69645904181905
89.24026628105526
90.0
92.68622701036887
85.76397704274586
90.0
-9139.388668120964
-6079.7987055479025
5
-6.048623909150882
-42.78249216349296
82.34605551037117
89.64999827537066
90.0
92.35632654627449
83.76781971835612
90.0
-9177.038825742833
-6092.394424526466
6
-6.655941024495558
-38.855527561841726
82.32441338507275
89.43119931190161
90.0
93.46995223297075
84.70655424659395
90.0
-9220.880969004193
-6088.393066537228
7
-6.556318697950821
-50.93611037790922
82.26111962026806
89.43716990007042
90.0
93.05984907854082
83.80125021294708
90.0
-9214.386336979718
-6011.844088264278
8
-6.376790544569708
-46.28450687216453
82.2111978635051
89.53048607410037
90.0
92.3139098629232
85.70041715311531
90.0
-9106.684834412428
-6074.055446166542
9
-6.232105058111776
-54.99976205516286
82.48497447743924
89.72792042099583
90.0
92.08964897846795
84.45389174813344
90.0
-9178.133403829677
-6120.856770741989
10
-6.581493262971699
-26.425191142846554
85.61080062035897
89.46973033289531
90.0
92.70598211292857
84.73577001022684
90.0
-9167.403592619103
-6090.424442577565
11
-6.267790593397283
-52.30147081315296
82.25979197294559
89.46920937294907
90.0
93.05800608919746
83.80125021294708
90.0
-9214.386336979718
-6015.161263638688
12
-6.283247739989356
-19.441082737297844
82.43290868555131
89.42476456647893
90.0
92.69744238694
86.47864313649256
90.0
-9087.928072963212
-6073.166062690121
13
-6.602752241184084
-42.565601760226556
82.26286792861667
89.52646931668662
90.0
92.74348471215538
83.18309084425346
90.0
-9212.411271976287
-6079.974014745702
14
-6.2807930346172265
-39.19777434117921
82.43590285491271
89.43777780642806
90.0
92.71274541569048
84.7328403479339
90.0
-9092.09939501673
-6069.5381994612335
15
-6.6540388723694806
-45.3081429409219
82.42399283547476
89.60152378181444
90.0
92.63116549592573
86.46487593051391
90.0
-9105.755207195762
-6035.010575546773
16
-6.122884385987973
-29.34497255261017
82.40594109909536
89.4442565533285
90.0
93.04582908953245
84.64851545702183
90.0
-9218.07575229223
-6091.488677702389
17
-6.279814807880043
-47.65166222902012
82.42415205093802
89.54152206347251
90.0
96.03383597715644
85.97100122004895
90.0
-9149.302027774225
-6074.971252586403
18
-5.42182177471118
-42.565601760226556
82.47061953393555
89.23852387434236
90.0
92.74348471215538
80.44154430627083
90.0
-9177.412537039998
-6079.971912878806
19
-5.585241673847128
-47.2371946910729
82.40242920312802
89.24026628105526
90.0
93.05412694667243
85.40711857905936
90.0
-9139.388668120964
-6090.503415315074
20
-6.644908012934355
-46.50057505249845
81.69715233437222
89.4664258863913
90.0
92.3353316962105
85.67195848550158
90.0
-9167.616635809687
-6087.505529410762
21
-6.3724712500383145
-47.07557818423901
82.48587661646074
89.52254325561185
90.0
92.73366550486067
83.66424197025509
90.0
-9190.26959112415
-6082.023709426887
22
-5.597060570800131
-39.91558962140074
82.42331117429502
89.45793244331409
90.0
92.73105206826382
83.8007678132121
90.0
-9139.293410592902
-6032.259162109113
23
-5.985114303134189
-29.689771037333198
81.88923922395604
89.5896151488655
90.0
96.68495527157117
81.19014214157941
90.0
-9217.512544532221
-6097.2697797802275
24
-5.965464784477545
-29.745505385591965
82.40553161798393
89.58858730772273
90.0
93.04582908953245
84.64851545702183
90.0
-9218.31516456435
-6090.893334990113
25
-5.957756740759072
-29.689771037333195
82.36655428125886
89.72335388014459
90.0
93.05187874724356
85.78435041304004
90.0
-9218.07575229223
-5956.649628000649
26
-6.1491639193914125
-48.971447302143
82.57114731930619
89.53360727701853
90.0
92.33938260024819
86.28959798881114
90.0
-9115.051897448286
-6096.771489459069
27
-5.96411100197455
-47.865547434732825
82.36760596197206
89.4276795426056
90.0
93.46995223297075
83.85551845924127
90.0
-9454.052509153069
-6007.777388865423
28
-4.929657116307697
-50.60308681088534
83.06800819721921
89.5089231266328
90.0
92.70610769877439
85.80631828065566
90.0
-9105.131281416785
-6096.842542489735
29
-4.371795931127329
-55.2630281013947
80.89604483650908
89.52298768924035
90.0
93.05466205565742
83.92926581601253
90.0
-9217.90990014034
-6090.677189560278
30
-5.557028728738743
-47.2371946910729
82.6768183703572
89.24026628105526
90.0
92.48387471639302
85.41146477928935
90.0
-9139.388668120964
-6080.135577543629
31
-4.81146668380046
-19.355044598843964
81.56511475789233
89.53335939634387
90.0
92.6871213423321
83.76353879743903
90.0
-9106.567158269125
-6072.317890512285
32
-6.296925951495558
-48.637855847949
82.48587661646074
90.058500435354
90.0
92.73366550486067
83.53554473392616
90.0
-9189.127534157053
-6096.842542489735
33
-6.266813758369556
-50.42324464749254
82.50367996443613
89.54717544588658
90.0
92.73315373987474
83.66424197025509
90.0
-9103.86423123091
-6074.37281572582
34
-5.954461988395534
-41.270198517718605
82.40553161798393
89.43324326998855
90.0
93.04582908953245
84.67119417737283
90.0
-9214.50461814469
-6090.50584584635
35
-6.296925951495558
-18.899833604047718
82.48787430366768
89.4242418770591
90.0
96.57299910181935
83.88170200102381
90.0
-9217.907371163965
-6073.577169940406
36
-6.553531376477677
-50.87521107061974
82.41887923523569
89.52298768924035
90.0
92.73366550486067
83.80065465348964
90.0
-9190.26959112415
-6096.842542489735
37
-6.123328100364039
-19.089196448121527
82.46855721310055
89.51021594994653
90.0
93.35379105693488
83.7139209856956
90.0
-9107.367720390122
-5978.15254013963
38
-6.279814807880043
-42.565601760226556
82.42415205093802
89.19474451788439
90.0
95.25673941515667
81.10471503864686
90.0
-9180.216285051958
-6075.065868020555
39
-5.465221134075006
-42.5708486480448
82.25742089440595
89.54659714776892
90.0
92.3416145062945
85.67537027118969
90.0
-9223.068786006317
-6079.18500312744
40
-6.1491639193914125
-29.222634827520913
82.32384878098897
89.53360727701853
90.0
91.27774281561906
85.71030117418289
90.0
-9109.306091033688
-6096.771489459069
41
-4.929657116307697
-50.472691204432095
82.47274063160279
89.52298768924035
90.0
92.32414402424719
85.81054402951004
90.0
-9105.131281416785
-6087.431379810971
42
-6.2965039744608315
-50.8827374709167
82.42415205093802
89.5415220634725
90.0
95.11714279551626
85.97100122004895
90.0
-9159.98033346971
-6075.471728241779
43
-6.257280161290648
-18.04835758919778
82.4519287439922
89.77712793995298
90.0
93.40412937931738
86.40723185271483
90.0
-9139.327444275621
-6074.1233152835075
44
-6.559562430657801
-25.98654211855246
82.42398753269987
89.4712883889314
90.0
92.64444820526568
83.50569737270284
90.0
-9167.403592619103
-6090.424442577565
45
-6.292379092974493
-18.041673957790643
82.18295710848552
89.10553957583353
90.0
92.7315069104338
86.3957457080621
90.0
-9130.334729343573
-6074.0578845596665
46
-6.6495154589890735
-42.565601760226556
82.43432331895778
90.13384904127139
90.0
92.21759672823039
81.1734300455805
90.0
-9223.480879790317
-6075.065868020555
47
-7.771884862399572
-18.05783857775689
82.26044982456581
89.61025572210214
90.0
93.08484683474961
86.39821304555315
90.0
-9125.07963970467
-6072.929239598275
48
-6.630171933752236
-48.98428942470552
82.25981018280696
89.42918631003526
90.0
93.05994409534907
86.92543229398669
90.0
-9212.996894088878
-6071.828678493185
49
-6.651629566623917
-24.124151041358402
82.46660028535129
89.53304320785553
90.0
92.6973036170856
85.80905938921758
90.0
-9109.821909466053
-6090.424442577565
50
-5.586748587507785
-47.2371946910729
82.23551015676802
89.24235254437282
90.0
92.70773060404645
85.39681924918399
90.0
-9106.358051330184
-6071.560026386176
51
-6.647496855526266
-26.68091196372122
82.42331973220494
89.63216055612138
90.0
92.44342458449475
86.46952086382015
90.0
-9108.341963750567
-6035.354397923011
52
-6.155227393427502
-19.35421517702082
82.3250990739846
89.53412733813408
90.0
92.31295204830738
83.65150141448255
90.0
-9106.552443917457
-6074.055446166542
53
-6.655941024495558
-55.479219160770214
82.32586218541897
89.43119931190161
90.0
93.05402740150934
84.74162183539629
90.0
-9220.82287769752
-6009.499190833901
54
-5.573821087712929
-39.651761826146725
82.43486417016288
89.43777780642806
90.0
92.71274541569048
84.7328403479339
90.0
-9095.639857233658
-6069.235481628817
55
-6.2890228293546615
-33.3119598043121
82.34865248255059
89.4742179818351
90.0
92.92660367729006
85.80631828065566
90.0
-9095.457707256704
-6074.363742433283
56
-6.644908012934355
-46.67895253617736
82.2633997414548
89.54744398871651
90.0
92.3416145062945
85.67537027118969
90.0
-9224.85156181808
-6008.5071963132505
57
-6.2807930346172265
-29.772690550475254
82.43353652284044
89.46981727930674
90.0
92.71090242634715
84.7328403479339
90.0
-9095.639857233658
-6072.552657003227
58
-6.151892102859285
-20.28161881171047
82.32505417864895
89.27052681480981
90.0
94.33255401486731
86.41855947921714
90.0
-9102.242208511198
-6182.598197682681
59
-5.594916035620487
-19.355044598843964
82.40685723933657
89.52298768924037
90.0
91.42155590714589
83.77078917022718
90.0
-9110.641660240713
-6028.8788199481
60
-6.261095608535869
-39.651761826146725
82.43486417016288
89.43777780642806
90.0
92.71274541569048
83.59548016541555
90.0
-9095.639857233658
-6069.235481628817
61
-6.550826568088149
-54.867147602686806
82.40595510031505
89.5227486069315
90.0
92.08961521894096
84.45389174813344
90.0
-9165.259138063528
-5976.154799734841
62
-5.597164120699886
-18.303291201836196
82.46463308305155
89.23792907660065
90.0
94.54960323532026
85.51287289991751
90.0
-9108.778126350082
-6060.23259167261
63
-5.468947083986563
-47.76230235410966
82.46754357826447
89.43221103612282
90.0
93.05994409534907
81.44857122546527
90.0
-9177.998159152588
-6009.378741549349
64
-6.2725218499094035
-30.143758522300715
82.4761493313404
88.8712062822673
90.0
93.05187874724356
81.30629725640897
90.0
-9221.616214509158
-6090.159622356233
65
-5.965464784477545
-29.689771037333195
82.40553161798393
89.64927218284339
90.0
92.7225625391816
86.38613691887066
90.0
-9111.611490797954
-6096.555105028948
66
-6.2815004438191275
-19.123995234300924
82.46814773198912
89.58211179036878
90.0
93.35379105693488
85.72284104713528
90.0
-9107.367720390122
-6075.589767857644
67
-6.345539405894854
-47.65166222902012
82.42415205093802
89.54152206347251
90.0
95.25673941515667
85.97100122004895
90.0
-9149.302027774225
-6071.7699502992555
68
-5.586748587507785
-47.2371946910729
82.6768183703572
89.52821172339952
90.0
92.70522354406279
86.22937391041918
90.0
-9105.69606662129
-6057.658244311028
69
-5.965464784477545
-29.689771037333195
82.67992078521308
89.58858730772273
90.0
92.69692568692281
84.64851545702183
90.0
-9218.07575229223
-6080.5112409464255
70
-6.559562430657801
-38.901005300555
82.41606682512368
89.92508617324842
90.0
92.71226492301257
83.6018216133966
90.0
-9224.696609934168
-6247.075421435001
71
-6.267797762332732
-51.01154339323491
82.21115296816946
89.61001091230182
90.0
92.33364331061385
86.40867545814955
90.0
-9077.325130634043
-6069.513248609526
72
-5.595636396230479
-46.48885691632406
82.6768183703572
89.2537189950771
90.0
94.34222036729183
85.40711857905936
90.0
-9203.04808930782
-6089.569808314555
73
-6.277881503440304
-33.3119598043121
82.3918923574373
89.4742179818351
90.0
91.07478328721098
85.83663849340397
90.0
-9095.457707256704
-6090.424442577565
74
-6.182048632669012
-18.34636200238836
82.40698241569048
89.43779782426685
90.0
92.33681588436816
85.70207907413518
90.0
-9162.462503429104
-6074.055446166542
75
-6.99343983135907
-8.138525380298262
82.40782424626579
88.11030687002388
90.0
94.0767530995764
81.22402591750414
90.0
-9146.290690656835
-6071.418080896862
76
-6.2890228293546615
-33.385005004691784
82.32345882628786
89.4742179818351
90.0
91.27709430783023
85.80631828065566
90.0
-9106.642889221102
-6091.692298939193
77
-6.643523289243988
-10.936801736373646
82.32360628471287
89.72342944760979
90.0
93.05187874724356
81.30629725640897
90.0
-9218.07575229223
-6092.063692872577
78
-5.584495401350611
-47.2371946910729
82.67536712228349
89.25433084366281
90.0
92.73278135014905
85.40711857905936
90.0
-9139.388668120964
-6080.135577543629
79
-6.2725218499094035
-29.689771037333195
82.48557749698618
88.13812133159949
90.0
92.73088219644684
81.17176771564036
90.0
-9218.073223315856
-6090.462340188649
80
-6.311862945858245
-41.40395464290957
82.47046031847229
89.64771269452636
90.0
92.71853758599117
84.75400393687623
90.0
-9104.661211975897
-6046.55874680863
81
-6.155227393427502
-19.35421517702082
82.32275915504898
89.52336512079525
90.0
92.31033912147763
85.71030117418289
90.0
-9106.409784438922
-6060.713529174384
82
-6.266813758369556
-50.87521107061974
82.05267596184122
89.52298768924035
90.0
92.73366550486067
85.58209252456882
90.0
-9190.26959112415
-6304.559825498334
83
-6.644908012934355
-18.61612548571336
82.24096908187536
88.65934051188549
90.0
92.3416145062945
85.67537027118969
90.0
-9225.216006797
-6087.275204772515
84
-6.1881448807770365
-29.759650956891672
82.4054172255016
89.6465486221893
90.0
92.72246900360727
84.64767834553673
90.0
-9106.577979623873
-6099.236537294097
85
-6.283247739989356
-55.80427723464483
82.26264292519508
89.52351037866018
90.0
92.67720179889834
86.3114922257243
90.0
-9129.106987452986
-6090.502393590134
86
-6.272926347354635
-26.425191142846554
82.49030855552007
89.47138515733593
90.0
94.36804889149286
83.66435512997755
90.0
-9202.952831779754
-6090.424442577565
87
-6.561795836890341
-18.706831433264174
82.42345696773926
89.43691907891056
90.0
92.70677768323944
85.79462000261397
90.0
-9165.010787302908
-6071.1644656064755
88
-6.647496855526266
-41.327411859794275
82.42399283547476
89.64927972031319
90.0
92.64435174149031
86.5382358707538
90.0
-9105.755207195762
-6035.354397923011
89
-6.60150865357053
-46.93405914646945
84.2020974157921
89.52731615763422
90.0
92.74348471215538
84.70629410221179
90.0
-9179.253404158437
-6088.310532919391
90
-5.970280833014879
-49.51162871233496
82.40552831929122
89.64167257273408
90.0
93.04582908953245
80.95917711863963
90.0
-9211.31762395211
-6090.50584584635
91
-6.656893116502791
-46.51828261827583
82.32485752595903
89.43815612885284
90.0
92.73364286388292
86.4716898194958
90.0
-9105.608615139476
-6096.90095939966
92
-6.280236784914769
-47.644135828723165
82.48587661646074
89.52298768924035
90.0
92.8732621245011
85.45339528823989
90.0
-9189.127534157053
-6096.34206683436
93
-7.1662822037588105
-18.224068544945215
82.43314233942188
90.59086231634178
90.0
93.08981635524331
85.82406651117017
90.0
-9148.218944591044
-6070.240433412413
94
-6.647496855526266
-41.327411859794275
82.41549857578214
89.64638368007327
90.0
92.7058856491532
85.15248196709003
90.0
-9096.851867570975
-6035.354397923011
95
-7.0791757811857146
-50.87521107061974
82.48587661646074
89.74350208404672
90.0
93.40628797374426
83.4603450345736
90.0
-9189.34473518671
-5992.568125531835
96
-6.275207361825323
-36.10714883889911
82.25058829624622
89.5379986322107
90.0
95.38075719322076
85.67537027118969
90.0
-9194.816944432836
-6087.521521301129
97
-5.965464784477545
-29.689771037333195
82.40553161798393
89.58873008794735
90.0
93.58079299120413
84.64851545702183
90.0
-9222.635670642198
-6090.803495542353
98
-7.181361581809183
-16.83585150716102
82.26069070423503
89.61342322841432
90.0
92.5287881629079
86.39821304555315
90.0
-9153.545524858924
-6010.389463206679
99
-6.285969524593857
-16.540732714791744
82.42331117429502
89.05819186197697
90.0
94.36998689764444
84.68535022279774
90.0
-9199.560700343265
-6084.641920488226
100
-7.219104077098822
-47.70431210459679
82.69674533530683
89.53751276452718
90.0
92.8013729514189
85.98039150659329
90.0
-9110.801982647316
-6080.151764825113
